1 28376U 84097B   92171.99247111 -.00000002  00000-0  99999-4 0 45181
2 28376  63.7106 182.6384 5722527 161.9451 232.2618  3.89994468110804
1 28376U 04026A   04197.45938180 -.00000049  00000-0  00000+0 0    25
2 28376  98.2095 138.8766 0005846 182.9365 176.9556 14.65284461    07
1 28376U 04026A   04197.45941784 -.00000049  00000-0  00000+0 0    18
2 28376  98.2580 139.0262 0010331 351.5150   8.4603 14.64255253    09
1 28376U 04026A   04197.73257196 -.00019867  00000-0 -37224-2 0    38
2 28376  98.2220 139.1357 0006101 173.2036 186.5139 14.64849211    47
1 28376U 04026A   04198.00587954 -.00030388  00000-0 -57115-2 0    40
2 28376  98.2224 139.4099 0005818 170.4745 189.6328 14.64819690    83
1 28376U 04026A   04198.48403899 -.00001597  00000-0 -29013-3 0    55
2 28376  98.2209 139.8866 0005763 169.1199 191.0143 14.64832080   157
1 28376U 04026A   04198.75727054  .00001971  00000-0  37815-3 0    61
2 28376  98.2217 140.1598 0005696 168.1611 191.9768 14.64835852   192
1 28376U 04026A   04199.50865365  .00000664  00000-0  13351-3 0    60
2 28376  98.2216 140.9110 0005694 166.2092 193.9184 14.64835808   307
1 28376U 04026A   04199.78188622  .00001332  00000-0  25847-3 0    71
2 28376  98.2217 141.1838 0005697 165.7118 194.4293 14.64838079   348
1 28376U 04026A   04200.53326946  .00000730  00000-0  14578-3 0    70
2 28376  98.2213 141.9342 0005747 163.5767 196.5580 14.64837845   458
1 28376U 04026A   04200.73819325  .00000843  00000-0  16702-3 0    87
2 28376  98.2216 142.1389 0005750 163.0012 197.1397 14.64838584   484
1 28376U 04026A   04201.83111408  .00000830  00000-0  16459-3 0    81
2 28376  98.2214 143.2308 0005765 159.9705 200.1722 14.64840545   649
1 28376U 04026A   04202.85572844  .00000376  00000-0  79553-4 0    90
2 28376  98.2212 144.2559 0005826 156.4573 203.6836 14.64839367   799
1 28376U 04026A   04203.26557511 -.00000686  00000-0 -11942-3 0   105
2 28376  98.2218 144.6644 0006313 153.6695 206.4429 14.64832549   851
1 28376U 04026A   04203.81204616 -.00005319  00000-0 -98885-3 0   111
2 28376  98.2202 145.2106 0006228 162.6587 197.3040 14.64799422   937
1 28376U 04026A   04203.88038959 -.00007330  00000-0 -13667-2 0   123
2 28376  98.2228 145.2794 0007516 155.3242 204.7885 14.64787795   947
1 28376U 04026A   04204.35856904 -.00011156  00000-0 -20874-2 0   134
2 28376  98.2215 145.7577 0007101 156.0701 204.0074 14.64760043  1014
1 28376U 04026A   04204.90507718 -.00013571  00000-0 -25437-2 0   156
2 28376  98.2216 146.3035 0006962 155.4055 204.7106 14.64735501  1092
1 28376U 04026A   04205.04170936 -.00014801  00000-0 -27763-2 0   140
2 28376  98.2214 146.4401 0005959 146.9405 213.1962 14.64726206  1116
1 28376U 04026A   04205.38327882 -.00013289  00000-0 -24912-2 0   154
2 28376  98.2214 146.7813 0005958 145.8600 214.3493 14.64726884  1169
1 28376U 04026A   04205.58820809 -.00004581  00000-0 -85069-3 0   160
2 28376  98.2206 146.9809 0005731 150.6108 209.7611 14.64777907  1198
1 28376U 04026A   04205.92971911 -.00240955  00000-0 -48504-1 0   178
2 28376  98.2318 147.3365 0004781  84.7040 273.5334 14.63224519  1242
1 28376U 04026A   04206.27202136 -.00009090  00000-0 -17541-2 0   185
2 28376  98.2253 147.6711 0004070  76.3839 284.0492 14.63327471  1290
1 28376U 04026A   04206.81899414  .00017550  00000-0  33977-2 0   196
2 28376  98.2208 148.2150 0003753  70.8682 289.3334 14.63359885  1372
1 28376U 04026A   04207.29762217  .00001905  00000-0  37816-3 0   205
2 28376  98.2201 148.6908 0003182  64.8797 295.2422 14.63344680  1445
1 28376U 04026A   04207.84464645  .00001235  00000-0  24840-3 0   221
2 28376  98.2195 149.2361 0003250  61.3676 298.7830 14.63344764  1524
1 28376U 04026A   04208.52841868  .00000363  00000-0  79528-4 0   217
2 28376  98.2196 149.9177 0003188  63.4056 296.7374 14.63343240  1622
1 28376U 04026A   04209.41732551  .00000353  00000-0  79528-4 0   224
2 28376  98.2196 150.8035 0003188  60.6216 295.9123 14.62169249  1754
1 28376U 04026A   04210.44449562  .00001098  00000-0  22761-3 0   230
2 28376  98.2210 151.8248 0004156 140.9455 219.2933 14.62181332  1903
1 28376U 04026A   04210.78663693  .00002479  00000-0  50182-3 0   243
2 28376  98.2212 152.1657 0004190 140.2390 219.9185 14.62185448  1955
1 28376U 04026A   04211.74467838  .00000532  00000-0  11509-3 0   241
2 28376  98.2203 153.1191 0004146 140.0690 220.0815 14.62182815  2095
1 28376U 04026A   04212.77115207  .00000384  00000-0  85762-4 0   254
2 28376  98.2202 154.1406 0004185 137.4708 222.6810 14.62183227  2245
1 28376U 04026A   04213.45546798  .00000254  00000-0  59895-4 0   280
2 28376  98.2204 154.8217 0004237 135.6240 224.5279 14.62183002  2345
1 28376U 04026A   04214.07135246  .00001418  00000-0  30000-3 0   268
2 28376  98.2191 155.4332 0004691  56.5843 301.1715 14.60798085  2437
1 28376U 04026A   04214.82527219  .00016027  00000-0  32835-2 0   298
2 28376  98.2202 156.1824 0004624  51.5811 308.5876 14.60808290  2541
1 28376U 04026A   04215.30474516  .00001609  00000-0  33906-3 0   272
2 28376  98.2194 156.6589 0004275  42.1229 318.0182 14.60794461  2613
1 28376U 04026A   04215.85272131  .00000725  00000-0  15807-3 0   291
2 28376  98.2197 157.2031 0004252  39.0614 321.0932 14.60793417  2698
1 28376U 04026A   04216.40069290  .00000100  00000-0  30035-4 0   280
2 28376  98.2199 157.7471 0004203  37.0839 323.0598 14.60792048  2774
1 28376U 04026A   04216.88017028 -.01017030  00000-0 -22926-0 0   294
2 28376  98.2205 158.2293 0002763  65.0257 293.8805 14.59547863  2848
1 28376U 04026A   04217.63493157  .00004673  00000-0  99000-3 0   307
2 28376  98.2217 158.9725 0003312 130.5611 232.1709 14.59681887  2957
1 28376U 04026A   04218.73121542 -.00002723  00000-0 -56204-3 0   311
2 28376  98.2217 160.0589 0003313 127.1605 232.9649 14.59676718  3112
1 28376U 04026A   04218.86831811  .00000409  00000-0  95520-4 0   325
2 28376  98.2225 160.1950 0002752 130.2262 229.9311 14.59681809  3135
1 28376U 04026A   04219.89654683  .00000241  00000-0  62353-4 0   321
2 28376  98.2187 161.2145 0005742  14.8914 343.7803 14.58165259  3285
1 28376U 04026A   04220.44578526  .00003733  00000-0  81866-3 0   334
2 28376  98.2167 161.7552 0005399  22.6624 337.5446 14.58197732  3367
1 28376U 04026A   04220.72024654  .00009283  00000-0  20188-2 0   349
2 28376  98.2167 162.0265 0005417  20.6234 339.5271 14.58207551  3402
1 28376U 04026A   04221.81813970  .00000212  00000-0  55881-4 0   340
2 28376  98.2190 163.1132 0005460  12.7827 347.3683 14.58200755  3561
1 28376U 04026A   04222.77879170 -.01501372  00000-0 -35897-0 0   358
2 28376  98.2141 164.0588 0001338  27.7102 331.7507 14.57067461  3706
1 28376U 04026A   04223.81014510  .00022075  00000-0  48899-2 0   367
2 28376  98.2218 165.0845 0001801  99.4502 266.9264 14.57141718  3856
1 28376U 04026A   04224.90762712 -.00158331  00000-0 -36176-1 0   374
2 28376  98.2302 166.1771 0005999  11.9082 347.8060 14.56864773  4018
1 28376U 04026A   04225.66303398  .00000341  00000-0  75641-4 0   388
2 28376  98.2204 166.9127 0001079 101.8519 258.3287 14.57119030  4131
1 28376U 04026A   04225.73169315  .00000228  00000-0  60668-4 0   393
2 28376  98.2198 166.9780 0000970  97.5405 262.5903 14.57119536  4135
1 28376U 04026A   04225.86903149  .00000412  00000-0  10141-3 0   405
2 28376  98.2197 167.1134 0000946  94.0452 266.0876 14.57120363  4157
1 28376U 04026A   04226.76173023  .00000262  00000-0  68107-4 0   404
2 28376  98.2201 167.9948 0000902  91.7657 268.3662 14.57120389  4287
1 28376U 04026A   04227.79176728  .00000133  00000-0  39680-4 0   415
2 28376  98.2201 169.0115 0000864  86.4470 273.6833 14.57120265  4436
1 28376U 04026A   04228.89047300  .00000269  00000-0  69674-4 0   427
2 28376  98.2202 170.0963 0000829  83.8582 276.2738 14.57121319  4597
1 28376U 04026A   04229.85183939  .00000229  00000-0  60792-4 0   454
2 28376  98.2207 171.0457 0000812  82.6836 277.4459 14.57121742  4731
1 28376U 04026A   04230.40119154  .00000237  00000-0  62717-4 0   431
2 28376  98.2210 171.5882 0000803  75.5249 284.6023 14.57121973  4813
1 28376U 04026A   04230.81320604  .00000229  00000-0  60821-4 0   446
2 28376  98.2206 171.9951 0000798  78.0344 282.0950 14.57122220  4879
1 28376U 04026A   04231.84324134  .00000166  00000-0  46926-4 0   442
2 28376  98.2207 173.0121 0000809  70.1968 289.9311 14.57122464  5025
1 28376U 04026A   04232.80460715  .00000244  00000-0  64289-4 0   477
2 28376  98.2205 173.9614 0000854  65.4506 294.6784 14.57123428  5167
1 28376U 04026A   04232.87327607  .00000279  00000-0  71982-4 0   450
2 28376  98.2205 174.0291 0000838  67.7984 292.3304 14.57123544  5170
1 28376U 04026A   04233.76597224  .00000332  00000-0  83772-4 0   486
2 28376  98.2209 174.9105 0000845  67.3884 292.7404 14.57124400  5302
1 28376U 04026A   04233.90331006  .00000287  00000-0  73716-4 0   460
2 28376  98.2207 175.0460 0000870  65.2070 294.9204 14.57124243  5327
1 28376U 04026A   04234.79600629  .00000265  00000-0  68795-4 0   498
2 28376  98.2205 175.9275 0000881  61.3658 298.7632 14.57124806  5455
1 28376U 04026A   04235.34535761  .00000329  00000-0  82983-4 0   478
2 28376  98.2207 176.4699 0000908  62.2662 297.8643 14.57125422  5534
1 28376U 04026A   04235.82603944  .00000261  00000-0  67891-4 0   498
2 28376  98.2207 176.9442 0000934  59.7706 300.3572 14.57125451  5605
1 28376U 04026A   04236.37539064  .00000310  00000-0  78783-4 0   486
2 28376  98.2210 177.4867 0000928  61.8207 298.3094 14.57125986  5685
1 28376U 04026A   04236.85607239  .00000275  00000-0  70997-4 0   501
2 28376  98.2209 177.9613 0000920  63.2928 296.8359 14.57126142  5755
1 28376U 04026A   04237.40542291  .00000281  00000-0  72389-4 0   491
2 28376  98.2211 178.5037 0000921  63.1871 296.9405 14.57126469  5836
1 28376U 04026A   04237.74876732  .00000278  00000-0  71696-4 0   506
2 28376  98.2211 178.8425 0000915  63.1755 296.9538 14.57126679  5889
1 28376U 04026A   04238.84746825  .00000191  00000-0  52545-4 0   503
2 28376  98.2207 179.9275 0000876  75.5563 284.5735 14.57126949  6040
1 28376U 04026A   04239.87750019  .00000224  00000-0  59703-4 0   541
2 28376  98.2201 180.9449 0000887  81.8916 278.2391 14.57127539  6193
1 28376U 04026A   04240.83886276  .00000185  00000-0  51007-4 0   549
2 28376  98.2202 181.8943 0000882  86.9182 273.2120 14.57127893  6333
1 28376U 04026A   04240.90753147  .00000193  00000-0  52869-4 0   521
2 28376  98.2201 181.9620 0000881  87.7489 272.3811 14.57127947  6341
1 28376U 04026A   04241.86889416  .00000155  00000-0  44501-4 0   551
2 28376  98.2203 182.9117 0000886  90.3293 269.8012 14.57128167  6487
1 28376U 04026A   04242.41824373  .00000152  00000-0  43775-4 0   531
2 28376  98.2210 183.4543 0000895  91.4770 268.6515 14.57128335  6567
1 28376U 04026A   04242.76158773  .00000170  00000-0  47807-4 0   544
2 28376  98.2210 183.7931 0000890  90.9771 269.1535 14.57128579  6615
1 28376U 04026A   04243.86028746  .00000078  00000-0  27277-4 0   548
2 28376  98.2213 184.8786 0000894  93.7739 266.3561 14.57128500  6776
1 28376U 04026A   04244.75298087  .00000137  00000-0  40419-4 0   576
2 28376  98.2217 185.7601 0000886  83.1275 277.0030 14.57129060  6902
1 28376U 04026A   04244.89031817  .00000211  00000-0  56829-4 0   550
2 28376  98.2213 185.8956 0000871  82.6859 277.4457 14.57129520  6928
1 28376U 04026A   04245.78301027  .00000289  00000-0  74130-4 0   585
2 28376  98.2218 186.7773 0000876  82.3380 277.7929 14.57130479  7058
1 28376U 04026A   04246.33235913  .00000317  00000-0  80487-4 0   569
2 28376  98.2219 187.3196 0000879  85.0996 275.0304 14.57130893  7138
1 28376U 04026A   04246.88170802  .00000320  00000-0  80957-4 0   582
2 28376  98.2219 187.8619 0000885  84.4373 275.6925 14.57131261  7216
1 28376U 04026A   04247.77439976  .00000255  00000-0  66734-4 0   574
2 28376  98.2222 188.7434 0000894  84.3674 275.7619 14.57131566  7341
1 28376U 04026A   04248.87309756  .00000131  00000-0  39140-4 0   583
2 28376  98.2222 189.8284 0000918  83.5604 276.5691 14.57131493  7503
1 28376U 04026A   04249.90312612  .00000135  00000-0  40010-4 0   620
2 28376  98.2223 190.8457 0000963  91.9630 268.1674 14.57131923  7652
1 28376U 04026A   04250.72714908  .00000116  00000-0  35841-4 0   621
2 28376  98.2227 191.6594 0000972  92.1580 267.9730 14.57132074  7775
1 28376U 04026A   04251.41383400  .00000221  00000-0  59096-4 0   600
2 28376  98.2224 192.3380 0001012  91.3455 268.7851 14.57132906  7879
1 28376U 04026A   04251.82584527  .00000198  00000-0  53931-4 0   614
2 28376  98.2219 192.7451 0001031  93.6404 266.4916 14.57133080  7934
1 28376U 04026A   04252.85587259  .00000259  00000-0  67520-4 0   610
2 28376  98.2216 193.7622 0001031  90.5890 269.5432 14.57133938  8083
1 28376U 04026A   04253.81723101 -.00000389  00000-0 -76178-4 0   643
2 28376  98.2210 194.7124 0001334 103.3039 256.8132 14.57130705  8220
1 28376U 04026A   04253.88590300 -.00000477  00000-0 -95864-4 0   622
2 28376  98.2208 194.7803 0001357 102.6344 257.4997 14.57130318  8234
1 28376U 04026A   04254.43526442 -.00003773  00000-0 -82786-3 0   631
2 28376  98.2184 195.3208 0000607  72.5541 287.5567 14.57110984  8317
1 28376U 04026A   04254.77861551 -.00005327  00000-0 -11736-2 0   645
2 28376  98.2174 195.6600 0001228 100.1128 259.9778 14.57099429  8366
1 28376U 04026A   04255.32799111 -.00007901  00000-0 -17469-2 0   659
2 28376  98.2157 196.2011 0001233 119.7546 240.3648 14.57080787  8442
1 28376U 04026A   04255.80869460 -.00009153  00000-0 -20263-2 0   687
2 28376  98.2135 196.6755 0000987 112.9969 247.1295 14.57067396  8518
1 28376U 04026A   04255.87736698 -.00009875  00000-0 -21875-2 0   669
2 28376  98.2121 196.7428 0001044  85.3455 274.7774 14.57063522  8525
1 28376U 04026A   04256.83877261 -.00007333  00000-0 -16213-2 0   676
2 28376  98.2097 197.6911 0000938 111.6040 248.5703 14.57060793  8661
1 28376U 04026A   04257.31946804 -.00005067  00000-0 -11167-2 0   686
2 28376  98.2106 198.1657 0001493 112.8111 247.3648 14.57065758  8733
1 28376U 04026A   04257.86883325 -.00001038  00000-0 -22063-3 0   709
2 28376  98.2079 198.7048 0001013 119.9648 240.2227 14.57079046  8812
1 28376U 04026A   04258.76154311  .00000277  00000-0  71535-4 0   728
2 28376  98.2080 199.5837 0001099  95.1444 264.9883 14.57083996  8946
1 28376U 04026A   04258.89888473  .00000247  00000-0  65005-4 0   705
2 28376  98.2077 199.7191 0001123  96.0654 264.0667 14.57083950  8961
1 28376U 04026A   04259.79160545  .00000293  00000-0  75030-4 0   731
2 28376  98.2082 200.5996 0001143  95.4483 264.6858 14.57084834  9091
1 28376U 04026A   04260.27230090  .00000337  00000-0  84802-4 0   713
2 28376  98.2081 201.0733 0001155  97.4086 262.7259 14.57085383  9161
1 28376U 04026A   04260.82166675  .00000425  00000-0  10432-3 0   738
2 28376  98.2084 201.6151 0001166  94.7460 265.3880 14.57086208  9247
1 28376U 04026A   04261.37103240  .00000433  00000-0  10610-3 0   724
2 28376  98.2090 202.1571 0001166  94.5717 265.5618 14.57086746  9326
1 28376U 04026A   04261.71438588  .00000429  00000-0  10530-3 0   735
2 28376  98.2090 202.4954 0001168  93.5932 266.5398 14.57087050  9374
1 28376U 04026A   04262.40109279  .00000406  00000-0  10027-3 0   730
2 28376  98.2090 203.1724 0001188  91.0783 269.0539 14.57087498  9478
1 28376U 04026A   04262.74444637  .00000402  00000-0  99223-4 0   740
2 28376  98.2090 203.5107 0001189  90.1248 270.0086 14.57087781  9524
1 28376U 04026A   04263.43115279  .00000337  00000-0  84968-4 0   741
2 28376  98.2094 204.1878 0001209  91.9876 268.1447 14.57088053  9622
1 28376U 04026A   04263.77450628  .00000349  00000-0  87616-4 0   755
2 28376  98.2092 204.5262 0001198  88.9710 271.1630 14.57088430  9673
1 28376U 04026A   04264.87323627  .00000271  00000-0  70254-4 0   759
2 28376  98.2090 205.6095 0001231  90.7522 269.3810 14.57088816  9832
1 28376U 04026A   04265.76595391  .00000338  00000-0  85049-4 0   782
2 28376  98.2093 206.4894 0001266  92.0917 268.0430 14.57089775  9965
1 28376U 04026A   04265.90329497  .00000306  00000-0  78099-4 0   760
2 28376  98.2093 206.6252 0001275  92.5327 267.6011 14.57089702  9987
1 28376U 04026A   04266.86468316  .00000259  00000-0  67587-4 0   790
2 28376  98.2089 207.5733 0001286  93.3255 266.8097 14.57090121 10127
1 28376U 04026A   04267.27670634  .00000287  00000-0  73872-4 0   777
2 28376  98.2090 207.9793 0001322  95.8139 264.3225 14.57090592 10182
1 28376U 04026A   04267.75739989  .00000339  00000-0  85276-4 0   790
2 28376  98.2092 208.4533 0001298  90.9287 269.2069 14.57091123 10253
1 28376U 04026A   04268.30676221  .00001337  00000-0  30674-3 0   780
2 28376  98.2071 208.9937 0001548 103.4453 256.7140 14.57097768 10337
1 28376U 04026A   04268.78744860  .00002252  00000-0  50971-3 0   809
2 28376  98.2058 209.4674 0001363  85.2039 274.9464 14.57103951 10409
1 28376U 04026A   04269.33680307  .00003063  00000-0  68960-3 0   792
2 28376  98.2048 210.0086 0001448  90.3459 269.7966 14.57110501 10486
1 28376U 04026A   04269.88615819  .00003531  00000-0  79334-3 0   818
2 28376  98.2023 210.5502 0001367  97.8619 262.2805 14.57115829 10564
1 28376U 04026A   04270.36684181  .00003210  00000-0  72213-3 0   803
2 28376  98.2015 211.0227 0001245  85.3978 274.7258 14.57117177 10636
1 28376U 04026A   04270.84752831  .00002661  00000-0  60032-3 0   821
2 28376  98.2004 211.4965 0001435  85.5452 274.5766 14.57117263 10703
1 28376U 04026A   04271.39688504  .00001761  00000-0  40070-3 0   816
2 28376  98.1997 212.0365 0001145  90.9412 269.1794 14.57115599 10787
1 28376U 04026A   04271.74023407  .00001751  00000-0  39861-3 0   826
2 28376  98.1998 212.3745 0001149  90.9274 269.2055 14.57116788 10831
1 28376U 04026A   04272.28959391  .00000392  00000-0  97121-4 0   820
2 28376  98.1971 212.9159 0001402  77.9936 282.1412 14.57111864 10919
1 28376U 04026A   04272.83895113  .00000113  00000-0  35004-4 0   847
2 28376  98.1972 213.4563 0001345  79.7063 280.4286 14.57110887 10994
1 28376U 04026A   04273.31963821  .00000078  00000-0  27440-4 0   837
2 28376  98.1974 213.9298 0001323  80.3999 279.7353 14.57110945 11068
1 28376U 04026A   04273.86899480  .00000145  00000-0  42288-4 0   850
2 28376  98.1973 214.4706 0001327  77.2839 282.8518 14.57111407 11140
1 28376U 04026A   04274.41835070  .00000206  00000-0  55804-4 0   842
2 28376  98.1978 215.0117 0001346  77.9483 282.1857 14.57111895 11220
1 28376U 04026A   04274.83036808  .00000348  00000-0  87300-4 0   854
2 28376  98.1975 215.4174 0001313  75.1550 284.9839 14.57112993 11289
1 28376U 04026A   04275.37972280  .00001368  00000-0  31344-3 0   856
2 28376  98.1961 215.9572 0001529  84.7376 275.4228 14.57119264 11366
1 28376U 04026A   04275.86040251  .00002113  00000-0  47884-3 0   871
2 28376  98.1953 216.4307 0001261  81.6017 278.5508 14.57124610 11434
1 28376U 04026A   04276.40974949  .00002741  00000-0  61787-3 0   866
2 28376  98.1944 216.9710 0001467  76.5811 283.5590 14.57130032 11511
1 28376U 04026A   04276.75309196  .00002756  00000-0  62116-3 0   874
2 28376  98.1943 217.3087 0001465  75.0465 285.0898 14.57132028 11569
1 28376U 04026A   04277.85178693  .00002405  00000-0  54330-3 0   872
2 28376  98.1896 218.3889 0001457  78.4842 281.6379 14.57135835 11727
1 28376U 04026A   04278.81314926  .00001021  00000-0  23653-3 0   888
2 28376  98.1867 219.3338 0001357  79.2553 280.8686 14.57133206 11869
1 28376U 04026A   04279.36250094  .00000298  00000-0  76057-4 0   909
2 28376  98.1851 219.8729 0001390  70.1499 289.9807 14.57131087 11946
1 28376U 04026A   04279.84318223  .00000292  00000-0  74760-4 0   892
2 28376  98.1849 220.3453 0001382  70.1304 290.0043 14.57131384 12014
1 28376U 04026A   04280.73587426  .00000281  00000-0  72298-4 0   921
2 28376  98.1853 221.2228 0001365  69.0943 291.0401 14.57131933 12149
1 28376U 04026A   04280.87321146  .00000332  00000-0  83714-4 0   901
2 28376  98.1849 221.3580 0001352  68.6603 291.4753 14.57132306 12161
1 28376U 04026A   04281.83457110  .00000346  00000-0  86781-4 0   934
2 28376  98.1854 222.3030 0001334  70.4335 289.7010 14.57133112 12309
1 28376U 04026A   04281.90323962  .00000352  00000-0  88112-4 0   914
2 28376  98.1852 222.3706 0001336  69.2915 290.8423 14.57133162 12316
1 28376U 04026A   04282.86459935  .00000249  00000-0  65193-4 0   942
2 28376  98.1853 223.3159 0001340  67.9680 292.1648 14.57133345 12451
1 28376U 04026A   04283.41394748  .00000290  00000-0  74335-4 0   926
2 28376  98.1856 223.8560 0001336  69.9246 290.2086 14.57133856 12531
1 28376U 04026A   04283.75729024  .00000299  00000-0  76285-4 0   938
2 28376  98.1856 224.1934 0001333  68.9578 291.1766 14.57134146 12587
1 28376U 04026A   04284.44397519  .00000262  00000-0  68170-4 0   939
2 28376  98.1854 224.8690 0001323  70.4464 289.6880 14.57134439 12687
1 28376U 04026A   04285.74867592  .00000322  00000-0  81401-4 0   946
2 28376  98.1853 226.1516 0001347  64.2790 295.8549 14.57135561 12876
1 28376U 04026A   04286.77870214  .00000297  00000-0  75984-4 0   956
2 28376  98.1853 227.1644 0001341  63.3368 296.7969 14.57136236 13028
1 28376U 04026A   04287.80872825  .00000275  00000-0  70959-4 0   965
2 28376  98.1853 228.1774 0001350  58.7690 301.3652 14.57136830 13177
1 28376U 04026A   04288.83875296  .00000314  00000-0  79735-4 0  1005
2 28376  98.1865 229.1906 0001329  59.9701 300.1619 14.57137712 13327
1 28376U 04026A   04288.90742149  .00000339  00000-0  85284-4 0   971
2 28376  98.1863 229.2579 0001325  60.2518 299.8816 14.57137886 13335
1 28376U 04026A   04289.80010965  .00000315  00000-0  79819-4 0  1001
2 28376  98.1866 230.1357 0001329  55.4516 304.6817 14.57138478 13469
1 28376U 04026A   04290.28078755  .00000344  00000-0  86275-4 0   988
2 28376  98.1869 230.6083 0001285  58.4930 301.6412 14.57139023 13530
1 28376U 04026A   04290.83013354  .00000296  00000-0  75573-4 0  1002
2 28376  98.1870 231.1484 0001308  56.7697 303.3621 14.57139118 13615
1 28376U 04026A   04291.44814807  .00000263  00000-0  68313-4 0   997
2 28376  98.1876 231.7565 0001259  56.8407 303.2913 14.57139331 13702
1 28376U 04026A   04291.72282105  .00000264  00000-0  68627-4 0  1000
2 28376  98.1876 232.0265 0001258  56.0336 304.0983 14.57139510 13744
1 28376U 04026A   04292.82151296  .00000272  00000-0  70332-4 0  1003
2 28376  98.1880 233.1070 0001273  54.1678 305.9647 14.57140183 13903
1 28376U 04026A   04293.78286766  .00000222  00000-0  59233-4 0  1046
2 28376  98.1869 234.0532 0001263  52.8105 307.3208 14.57140598 14047
1 28376U 04026A   04293.85153587  .00000219  00000-0  58628-4 0  1018
2 28376  98.1864 234.1211 0001246  56.1833 303.9481 14.57140587 14057
1 28376U 04026A   04294.88155911  .00000010  00000-0  12190-4 0  1029
2 28376  98.1836 235.1338 0001181  62.9185 297.2105 14.57139931 14206
1 28376U 04026A   04295.29356905 -.00000049  00000-0 -92931-6 0  1039
2 28376  98.1831 235.5380 0001158  61.0309 299.1003 14.57139772 14261
1 28376U 04026A   04296.46092920 -.00000088  00000-0 -94699-5 0  1038
2 28376  98.1811 236.6843 0001167  58.1805 301.9492 14.57139566 14437
1 28376U 04026A   04296.87293898  .00000137  00000-0  40332-4 0  1059
2 28376  98.1782 237.0900 0001166  51.6517 308.4835 14.57140782 14491
1 28376U 04026A   04297.76562377  .00000333  00000-0  83890-4 0  1042
2 28376  98.1778 237.9662 0001177  52.8380 307.2931 14.57142236 14628
1 28376U 04026A   04298.86431290  .00000385  00000-0  95361-4 0  1080
2 28376  98.1743 239.0447 0001051  59.6129 300.5171 14.57143447 14785
1 28376U 04026A   04299.82566556  .00000444  00000-0  10846-3 0  1081
2 28376  98.1745 239.9886 0001037  58.8963 301.2353 14.57144700 14923
1 28376U 04026A   04299.89433328  .00000479  00000-0  11618-3 0  1062
2 28376  98.1743 240.0560 0001021  59.1324 300.9980 14.57144904 14930
1 28376U 04026A   04300.85568453  .00000606  00000-0  14445-3 0  1095
2 28376  98.1751 241.0004 0001027  55.4464 304.6841 14.57146626 15079
1 28376U 04026A   04301.33635973  .00000628  00000-0  14928-3 0  1079
2 28376  98.1752 241.4722 0001025  57.2811 302.8488 14.57147328 15140
1 28376U 04026A   04301.88570270  .00000684  00000-0  16158-3 0  1098
2 28376  98.1752 242.0116 0001009  58.1347 301.9960 14.57148337 15225
1 28376U 04026A   04302.77838439  .00000580  00000-0  13870-3 0  1083
2 28376  98.1757 242.8883 0001001  55.4405 304.6885 14.57149100 15355
1 28376U 04026A   04303.80840171  .00000499  00000-0  12061-3 0  1095
2 28376  98.1759 243.9001 0000993  50.1224 310.0073 14.57149943 15503
1 28376U 04026A   04304.83841739  .00000552  00000-0  13247-3 0  1109
2 28376  98.1764 244.9114 0000944  53.1157 307.0131 14.57151348 15658
1 28376U 04026A   04305.86843265  .00000581  00000-0  13887-3 0  1145
2 28376  98.1767 245.9231 0000859  53.5094 306.6209 14.57152706 15808
1 28376U 04026A   04306.76111085  .00000674  00000-0  15938-3 0  1145
2 28376  98.1771 246.7997 0000874  51.2179 308.9102 14.57154331 15934
1 28376U 04026A   04306.89844587  .00000667  00000-0  15792-3 0  1127
2 28376  98.1769 246.9347 0000844  54.8356 305.2920 14.57154466 15954
1 28376U 04026A   04307.85979141  .00000086  00000-0  29069-4 0  1150
2 28376  98.1776 247.8795 0000906  77.8671 282.2491 14.57152483 16093
1 28376U 04026A   04308.34046758 -.00000020  00000-0  56117-5 0  1136
2 28376  98.1793 248.3528 0000913  63.4526 296.6744 14.57152040 16167
1 28376U 04026A   04308.40913566 -.00000006  00000-0  86752-5 0  1146
2 28376  98.1794 248.4203 0000923  62.1259 298.0033 14.57152101 16175
1 28376U 04026A   04309.78248891 -.00010167  00000-0 -22518-2 0  1147
2 28376  98.1794 249.7688 0000923  57.8633 301.8385 14.57080332 16374
1 28376U 04026A   04310.81263890 -.00008211  00000-0 -18165-2 0  1150
2 28376  98.1789 250.7792 0001000 119.4502 240.7343 14.57073042 16525
1 28376U 04026A   04311.36199866 -.00001801  00000-0 -38998-3 0  1168
2 28376  98.1780 251.3200 0000639 161.5889 198.6182 14.57092058 16609
1 28376U 04026A   04311.43065296 -.00004151  00000-0 -91242-3 0  1178
2 28376  98.1798 251.3867 0000974  85.4733 274.6278 14.57083256 16613
1 28376U 04026A   04311.84268459 -.00001376  00000-0 -29570-3 0  1181
2 28376  98.1796 251.7919 0000645 167.7850 192.3914 14.57092714 16670
1 28376U 04026A   04312.87272661  .00000442  00000-0  10804-3 0  1197
2 28376  98.1789 252.8031 0000685  84.7899 275.3385 14.57099788 16823
1 28376U 04026A   04313.76543743  .00000593  00000-0  14167-3 0  1225
2 28376  98.1791 253.6797 0000709  87.4712 272.6582 14.57101543 16951
1 28376U 04026A   04313.90277725  .00000644  00000-0  15287-3 0  1204
2 28376  98.1790 253.8146 0000697  87.6742 272.4549 14.57101995 16975
1 28376U 04026A   04314.86415577  .00001148  00000-0  26479-3 0  1237
2 28376  98.1771 254.7587 0000650  74.1803 285.9536 14.57106252 17114
1 28376U 04026A   04315.34484308  .00001338  00000-0  30686-3 0  1213
2 28376  98.1775 255.2308 0000716  74.9831 285.1473 14.57108321 17185
1 28376U 04026A   04315.82553047  .00001479  00000-0  33826-3 0  1230
2 28376  98.1773 255.7027 0000709  71.3612 288.7683 14.57110313 17250
1 28376U 04026A   04316.37488668  .00001588  00000-0  36240-3 0  1220
2 28376  98.1777 256.2425 0000699  77.6101 282.5183 14.57112457 17339
1 28376U 04026A   04316.85557305  .00001506  00000-0  34420-3 0  1248
2 28376  98.1775 256.7146 0000733  75.3502 284.7755 14.57113564 17408
1 28376U 04026A   04317.40492905  .00001408  00000-0  32243-3 0  1235
2 28376  98.1781 257.2544 0000701  75.4426 284.6827 14.57114649 17486
1 28376U 04026A   04317.81694592  .00001185  00000-0  27304-3 0  1241
2 28376  98.1782 257.6589 0000770  76.6315 283.4921 14.57114734 17540
1 28376U 04026A   04318.43497206  .00000875  00000-0  20412-3 0  1241
2 28376  98.1790 258.2664 0000704  80.0573 280.0687 14.57114607 17633
1 28376U 04026A   04318.84698889  .00000673  00000-0  15938-3 0  1250
2 28376  98.1788 258.6709 0000757  77.7935 282.3309 14.57114400 17690
1 28376U 04026A   04319.87703160  .00000351  00000-0  87981-4 0  1254
2 28376  98.1798 259.6830 0000735  78.9958 281.1303 14.57114154 17845
1 28376U 04026A   04320.90707338  .00000316  00000-0  80099-4 0  1266
2 28376  98.1801 260.6950 0000734  86.7266 273.4017 14.57114842 17999
1 28376U 04026A   04321.86844536  .00000297  00000-0  75798-4 0  1295
2 28376  98.1805 261.6396 0000704  88.4517 271.6777 14.57115383 18134
1 28376U 04026A   04322.28046142  .00000344  00000-0  86373-4 0  1271
2 28376  98.1807 262.0444 0000721  90.1354 269.9946 14.57115998 18199
1 28376U 04026A   04322.89848560  .00000363  00000-0  90634-4 0  1290
2 28376  98.1808 262.6516 0000712  92.2526 267.8766 14.57116457 18288
1 28376U 04026A   04323.31050140  .00000253  00000-0  66041-4 0  1289
2 28376  98.1809 263.0564 0000691  93.5810 266.5458 14.57116278 18345
1 28376U 04026A   04323.85985606  .00000351  00000-0  87826-4 0  1308
2 28376  98.1811 263.5964 0000699  93.5450 266.5839 14.57117194 18425
1 28376U 04026A   04324.40921009  .00000404  00000-0  99662-4 0  1295
2 28376  98.1812 264.1361 0000711  88.2141 271.9131 14.57117838 18506
1 28376U 04026A   04325.43924855  .00000414  00000-0  10176-3 0  1306
2 28376  98.1810 265.1482 0000713  94.3319 265.7948 14.57118883 18650
1 28376U 04026A   04325.85126414  .00000402  00000-0  99190-4 0  1319
2 28376  98.1807 265.5530 0000717  92.2797 267.8482 14.57119221 18715
1 28376U 04026A   04326.88130208  .00000459  00000-0  11179-3 0  1311
2 28376  98.1804 266.5650 0000712  86.6123 273.5165 14.57120430 18863
1 28376U 04026A   04327.43065479  .00000483  00000-0  11709-3 0  1338
2 28376  98.1808 267.1049 0000731  90.6042 269.5234 14.57121120 18940
1 28376U 04026A   04327.91133871  .00000486  00000-0  11787-3 0  1321
2 28376  98.1804 267.5770 0000734  86.4871 273.6408 14.57121649 19011
1 28376U 04026A   04328.87270599  .00000457  00000-0  11148-3 0  1358
2 28376  98.1805 268.5217 0000749  84.8521 275.2762 14.57122492 19152
1 28376U 04026A   04329.28472032  .00000476  00000-0  11550-3 0  1336
2 28376  98.1807 268.9266 0000767  88.4827 271.6475 14.57123111 19218
1 28376U 04026A   04329.90274144  .00000465  00000-0  11311-3 0  1354
2 28376  98.1809 269.5337 0000769  87.4839 272.6446 14.57123566 19303
1 28376U 04026A   04330.31475547  .00000401  00000-0  98886-4 0  1343
2 28376  98.1812 269.9387 0000754  92.0117 268.1171 14.57123744 19360
1 28376U 04026A   04330.86410752  .00000407  00000-0  10028-3 0  1369
2 28376  98.1812 270.4784 0000760  86.9247 273.2042 14.57124239 19444
1 28376U 04026A   04331.68813455  .00000479  00000-0  11630-3 0  1355
2 28376  98.1814 271.2879 0000802  92.0977 268.0309 14.57125376 19569
1 28376U 04026A   04331.89414139  .00000515  00000-0  12429-3 0  1363
2 28376  98.1813 271.4902 0000804  94.2877 265.8424 14.57125798 19596
1 28376U 04026A   04332.85550526  .00000553  00000-0  13274-3 0  1362
2 28376  98.1822 272.4351 0000834  96.2641 263.8654 14.57127096 19731
1 28376U 04026A   04333.88553740  .00000586  00000-0  13989-3 0  1377
2 28376  98.1823 273.4470 0000848  94.9106 265.2193 14.57128477 19885
1 28376U 04026A   04334.84689983  .00000546  00000-0  13110-3 0  1409
2 28376  98.1826 274.3918 0000866  94.8740 265.2556 14.57129541 20022
1 28376U 04026A   04335.39624932  .00000560  00000-0  13423-3 0  1383
2 28376  98.1829 274.9319 0000876  95.3516 264.7769 14.57130195 20100
1 28376U 04026A   04335.87693035  .00000578  00000-0  13821-3 0  1398
2 28376  98.1827 275.4040 0000859  94.4562 265.6744 14.57130916 20178
1 28376U 04026A   04336.83829075  .00000606  00000-0  14446-3 0  1396
2 28376  98.1832 276.3491 0000922  99.4148 260.7152 14.57132297 20319
1 28376U 04026A   04337.38763932  .00000531  00000-0  12776-3 0  1410
2 28376  98.1834 276.8890 0000894  98.2838 261.8439 14.57132568 20399
1 28376U 04026A   04337.86831976  .00000517  00000-0  12464-3 0  1404
2 28376  98.1830 277.3614 0000914  99.3505 260.7799 14.57133099 20466
1 28376U 04026A   04338.89834780  .00000470  00000-0  11432-3 0  1439
2 28376  98.1828 278.3735 0000938 100.0689 260.0611 14.57133994 20614
1 28376U 04026A   04339.85970723  .00000307  00000-0  78149-4 0  1443
2 28376  98.1834 279.3187 0000942  96.3242 263.8048 14.57134082 20759
1 28376U 04026A   04340.27171859  .00000349  00000-0  87373-4 0  1427
2 28376  98.1834 279.7236 0000962  99.4409 260.6919 14.57134677 20818
1 28376U 04026A   04340.88973486  .00000374  00000-0  92985-4 0  1445
2 28376  98.1830 280.3311 0000942  91.9534 268.1780 14.57135186 20905
1 28376U 04026A   04341.30174543  .00000347  00000-0  86880-4 0  1436
2 28376  98.1833 280.7360 0000959  97.3621 262.7701 14.57135532 20965
1 28376U 04026A   04341.37041359  .00000349  00000-0  87325-4 0  1449
2 28376  98.1833 280.8034 0000940  92.8741 267.2554 14.57135504 20973
1 28376U 04026A   04342.74378190  .00000366  00000-0  91197-4 0  1448
2 28376  98.1831 282.1528 0000972  91.3447 268.7842 14.57136606 21179
1 28376U 04026A   04343.84247600 -.00000147  00000-0 -22537-4 0  1453
2 28376  98.1834 283.2327 0001205  95.8965 264.2231 14.57134693 21330
1 28376U 04026A   04344.46049515  .00000368  00000-0  91701-4 0  1471
2 28376  98.1847 283.8400 0000989  85.7779 274.3723 14.57137983 21424
1 28376U 04026A   04344.87250145 -.00004403  00000-0 -96793-3 0  1469
2 28376  98.1833 284.2448 0001309  93.4945 266.4979 14.57109388 21483
1 28376U 04026A   04345.42188956 -.00005869  00000-0 -12943-2 0  1473
2 28376  98.1843 284.7854 0001046 111.6242 248.5012 14.57097364 21569
1 28376U 04026A   04345.90258327 -.00006612  00000-0 -14599-2 0  1483
2 28376  98.1845 285.2577 0001180  94.2150 265.9076 14.57088711 21639
1 28376U 04026A   04346.79530147 -.00005208  00000-0 -11474-2 0  1483
2 28376  98.1848 286.1352 0000881  91.4703 268.6865 14.57086769 21764
1 28376U 04026A   04347.34466142 -.00003037  00000-0 -66463-3 0  1496
2 28376  98.1853 286.6754 0001328  92.6643 267.4922 14.57091732 21840
1 28376U 04026A   04347.89402185 -.00000815  00000-0 -17109-3 0  1510
2 28376  98.1846 287.2146 0001034 121.7543 238.4169 14.57098922 21929
1 28376U 04026A   04348.85539304  .00000284  00000-0  72934-4 0  1539
2 28376  98.1851 288.1597 0001081  89.1992 270.9329 14.57103528 22066
1 28376U 04026A   04349.26741272  .00000304  00000-0  77549-4 0  1512
2 28376  98.1850 288.5646 0001090  89.1790 270.9542 14.57103960 22124
1 28376U 04026A   04349.88544212  .00000358  00000-0  89371-4 0  1532
2 28376  98.1855 289.1721 0001065  83.4781 276.6552 14.57104540 22218
1 28376U 04026A   04350.29746123  .00000335  00000-0  84261-4 0  1521
2 28376  98.1860 289.5773 0001072  86.3362 273.7974 14.57104916 22279
1 28376U 04026A   04350.84682027  .00000307  00000-0  78079-4 0  1545
2 28376  98.1857 290.1173 0001068  83.6786 276.4533 14.57105073 22357
1 28376U 04026A   04351.39617921  .00000302  00000-0  77113-4 0  1539
2 28376  98.1858 290.6573 0001074  84.6838 275.4477 14.57105365 22432
1 28376U 04026A   04351.87686830  .00000312  00000-0  79329-4 0  1540
2 28376  98.1856 291.1295 0001066  81.4341 278.6982 14.57105783 22500
1 28376U 04026A   04352.42622646  .00000316  00000-0  80054-4 0  1548
2 28376  98.1862 291.6698 0001080  84.6639 275.4667 14.57106203 22581
1 28376U 04026A   04352.90691546  .00000290  00000-0  74391-4 0  1555
2 28376  98.1859 292.1422 0001092  83.4570 276.6747 14.57106417 22659
1 28376U 04026A   04353.45627383  .00000241  00000-0  63592-4 0  1551
2 28376  98.1863 292.6821 0001084  85.1185 275.0120 14.57106504 22738
1 28376U 04026A   04353.79962317  .00000245  00000-0  64356-4 0  1561
2 28376  98.1856 293.0198 0001084  79.9775 280.1551 14.57106830 22780
1 28376U 04026A   04354.69232997  .00000304  00000-0  77386-4 0  1568
2 28376  98.1859 293.8973 0001095  82.8126 277.3197 14.57107618 22911
1 28376U 04026A   04355.44769704  .00000263  00000-0  68277-4 0  1599
2 28376  98.1858 294.6401 0001093  84.9489 275.1825 14.57107912 23022
1 28376U 04026A   04355.85971564  .00000224  00000-0  59799-4 0  1577
2 28376  98.1856 295.0451 0001108  85.7465 274.3856 14.57108001 23081
1 28376U 04026A   04356.88976145  .00000260  00000-0  67814-4 0  1602
2 28376  98.1853 296.0576 0001125  84.2330 275.8998 14.57108766 23239
1 28376U 04026A   04357.71379734  .00000246  00000-0  64677-4 0  1604
2 28376  98.1859 296.8678 0001122  83.5409 276.5901 14.57109216 23358
1 28376U 04026A   04358.26315514  .00000260  00000-0  67743-4 0  1592
2 28376  98.1854 297.4076 0001131  82.5069 277.6270 14.57109657 23432
1 28376U 04026A   04359.36186911  .00000320  00000-0  81039-4 0  1604
2 28376  98.1858 298.4876 0001132  80.6863 279.4467 14.57110604 23596
1 28376U 04026A   04359.91122590  .00000312  00000-0  79298-4 0  1625
2 28376  98.1858 299.0275 0001130  80.7543 279.3784 14.57110967 23672
1 28376U 04026A   04360.46058257  .00000277  00000-0  71452-4 0  1618
2 28376  98.1864 299.5677 0001110  82.3338 277.7982 14.57111126 23757
1 28376U 04026A   04360.80393058  .00000237  00000-0  62590-4 0  1627
2 28376  98.1862 299.9051 0001110  82.6052 277.5273 14.57111233 23807
1 28376U 04026A   04361.69663492  .00000257  00000-0  67117-4 0  1629
2 28376  98.1865 300.7828 0001112  82.7205 277.4119 14.57111818 23937
1 28376U 04026A   04362.86401732  .00000240  00000-0  63294-4 0  1631
2 28376  98.1869 301.9303 0001090  81.6565 278.4769 14.57112428 24104
1 28376U 04026A   04362.86401732  .00000240  00000-0  63294-4 0  1664
2 28376  98.1869 301.9303 0001090  81.6565 278.4769 14.57112428 24104
1 28376U 04026A   04363.75672049  .00000330  00000-0  83317-4 0  1651
2 28376  98.1871 302.8078 0001116  81.0584 279.0745 14.57113431 24230
1 28376U 04026A   04363.89405937  .00000352  00000-0  88169-4 0  1649
2 28376  98.1869 302.9426 0001106  86.2558 273.8775 14.57113613 24251
1 28376U 04026A   04364.78676238  .00000304  00000-0  77523-4 0  1663
2 28376  98.1873 303.8206 0001112  79.6927 280.4397 14.57114082 24384
1 28376U 04026A   04365.40478742  .00000338  00000-0  84965-4 0  1657
2 28376  98.1876 304.4283 0001124  81.0152 279.1182 14.57114625 24479
1 28376U 04026A   04365.81680376  .00000371  00000-0  92340-4 0  1664
2 28376  98.1872 304.8333 0001122  78.8944 281.2393 14.57115187 24535
1 28376U 04026A   04366.70950518  .00000407  00000-0  10031-3 0  1667
2 28376  98.1876 305.7110 0001116  79.9591 280.1732 14.57116125 24667
